20215
9261
24705
31709
5084
1865
8585
23825
22836
551
13177
30596
12216
15013
23478
28689
6192
3286
10776
7857
879
15437
23096
2261
3011
30281
29545
7614
1707
30081
19818
9556
16676
1289
28044
26825
16559
91
4515
26338
16019
17198
13224
25697
17086
17517
23225
23471
18198
21552
11159
13696
9167
9558
23675
20179
12502
28631
30155
8009
2095
4534
8865
21863
10388
8411
16884
29974
24430
24849
27318
28451
23739
1447
10958
18257
9009
3871
29319
12559
10883
29134
23485
4496
333
765
19834
4271
1979
28328
25241
20606
31698
12496
29550
1609
928
14740
12342