9806
3322
22098
15969
9516
19674
15460
19314
1094
762
21343
17383
11174
21062
15669
12498
30818
25480
31434
18575
17794
10308
30353
19989
14794
5967
27025
21088
16361
14502
13237
22890
23088
6827
9678
21143
8855
924
13666
30531
15221
24244
8194
30882
15603
1274
9585
28892
18139
5742
13719
18904
19974
8429
14559
16082
90
20127
30489
17542
12743
18075
4827
32315
12423
20181
5295
29884
7746
5934
6981
1745
32669
25107
29510
369
6943
32700
6956
30878
31772
17832
3331
22618
32247
21682
4546
14273
10111
7343
24408
16173
22034
7438
21584
27811
17297
26301
18805
12428
20977
23572
11169
16216
15066
6197
23887
2896
18748
18413
16738
9319
7847
4808
17914
14994
13698
31650
20486
12729
21801
23709
1459
7434
1117
21267
10139
4610
12854
5287
28195
4651
19812
16202
14879
19764
21779
17055
21863
13201
5763
450
459
15497
17904
16686
10813
24886
28960
23819
13275
8323
28006
8384
10755
26355
23212
26989
21069
28552
8357
376
6877
8650
27381
23518
20254
4995
7333
736
3235
11129
31469
11759
4988
27905
27399
1966
17148
13016
3640
13604
23927
4724
19204
11333
2880
18305
27160
22573
1704
25060
22772
28246
24711
32579
25660
12435
26195
7098