20215
9806
9261
3322
24705
22098
31709
15969
5084
9516
1865
19674
8585
15460
23825
19314
22836
1094
551
762
13177
21343
30596
17383
12216
11174
15013
21062
23478
15669
28689
12498
6192
30818
3286
25480
10776
31434
7857
18575
879
17794
15437
10308
23096
30353
2261
19989
3011
14794
30281
5967
29545
27025
7614
21088
1707
16361
30081
14502
19818
13237
9556
22890
16676
23088
1289
6827
28044
9678
26825
21143
16559
8855
91
924
4515
13666
26338
30531
16019
15221
17198
24244
13224
8194
25697
30882
17086
15603
17517
1274
23225
9585
23471
28892
18198
18139
21552
5742
11159
13719
13696
18904
9167
19974
9558
8429
23675
14559
20179
16082
12502
90
28631
20127
30155
30489
8009
17542
2095
12743
4534
18075
8865
4827
21863
32315
10388
12423
8411
20181
16884
5295
29974
29884
24430
7746
24849
5934
27318
6981
28451
1745
23739
32669
1447
25107
10958
29510
18257
369
9009
6943
3871
32700
29319
6956
12559
30878
10883
31772
29134
17832
23485
3331
4496
22618
333
32247
765
21682
19834
4546
4271
14273
1979
10111
28328
7343
25241
24408
20606
16173
31698
22034
12496
7438
29550
21584
1609
27811
928
17297
14740
26301
12342
18805
12428
20977
23572
11169
16216
15066
6197
23887
2896
18748
18413
16738
9319
7847
4808
17914
14994
13698
31650
20486
12729
21801
23709
1459
7434
1117
21267
10139
4610
12854
5287
28195
4651
19812
16202
14879
19764
21779
17055
21863
13201
5763
450
459
15497
17904
16686
10813
24886
28960
23819
13275
8323
28006
8384
10755
26355
23212
26989
21069
28552
8357
376
6877
8650
27381
23518
20254
4995
7333
736
3235
11129
31469
11759
4988
27905
27399
1966
17148
13016
3640
13604
23927
4724
19204
11333
2880
18305
27160
22573
1704
25060
22772
28246
24711
32579
25660
12435
26195
7098
